$ANSIBLE_VAULT;1.1;AES256
62633933353730393030666661346330396530373731396564353734326538333562393934383037
3163343633353165333432376336333439356238333461300a626666303134366461326232306331
33323032373037356334323965386333656531626237666462366231663831343333393164333435
6164326437663561360a653731646131386461663263373566656362656366313362336630333732
66656139316237643037346262613232383563323366646638623535613932353164333765613531
35613930653861303630623262666238363165376237363066643335623763626265643862666439
39333466666362336130393966366262373934656330333135373332353063653431653231323632
61646531383162346365656263613831306462663931616637626336383037636166333235646364
38613437333133373366323731636635666631623366633563663039303134363063386434313539
32303633636566393732313266306265653762623930613362656533356163613332353534383239
35346466303732366531343133626133353834313936653833323134396339353038306464396162
66383037653064626430376537666166656336646662663635616339646633313463666437386330
33366136316238303436383162353364653035646437373636376131616165663938343161383566
61636437666362346432653333396638616161646365656338643237663061333430636138653230
62303539333639336461663635663233323339306433343034353639623235626564653738343034
35333032646262616361643137316466663863373537633939626233353431396661396533353734
65346232613433633439363464633438346235653063353964323532306530383433363331353763
30306339393164326563656432313134646565346338383130363038323735316363636563653261
39666661336633646530636561333764633133616561316333396161643862653765656564653835
61373363346430363937623862663631326133336331386661323234643436616532616264353330
61373164663165386236646632633631623965633933656235393166313662353036616161393535
34383236396639363035313133643033646632313861393836383061313834353463313439643830
62356532356631343036386434643437303961383539633564633934363561313330666439633838
33643530323139373566
